================Navigation Summary================

GEOM:tme_blocked.obj
START: (0.260847, -6.1e-05, 559.729)
END: (-2.06319, -6.1e-05, 48.1717)
EXCLUDE PROPORTION: 0.98
# PATH QUERIED: 10
# PATH FOUND: 9

===============Path(s) Found Below================

Path #1 --> Distance: 725.192 | Node amount: 13
Path #1 = [(0.260847, -6.1e-05, 559.729), 
(-7.46155, 0.0470028, 492.732), 
(-7.46155, 0.0470028, 449.832), 
(-7.46155, 0.0470028, 442.932), 
(-7.76154, 0.0470028, 438.732), 
(-17.6616, 0.0470028, 365.532), 
(-17.9615, 0.0470028, 221.232), 
(-17.6616, 0.0470028, 298.632), 
(-17.9615, 0.0470028, 216.132), 
(-18.8616, 0.0470028, 244.332), 
(-16.4615, 0.0470028, 129.432), 
(-15.5616, 0.0470028, 122.532), 
(-2.06319, -6.1e-05, 48.1717)]

==================================================

Path #2 --> Distance: 519.496 | Node amount: 10
Path #2 = [(0.260847, -6.1e-05, 559.729), 
(5.03346, 0.0470028, 486.357), 
(3.50346, 0.0470028, 431.502), 
(-13.2366, 0.0470028, 319.332), 
(-12.3966, 0.0470028, 293.502), 
(-12.2166, 0.0470028, 260.352), 
(-12.4266, 0.0470028, 221.277), 
(14.5584, 0.0470028, 129.927), 
(-4.08795, 0.00699857, 59.3257), 
(-2.06319, -6.1e-05, 48.1717)]

==================================================

Path #3 --> Distance: 529.759 | Node amount: 15
Path #3 = [(0.260847, -6.1e-05, 559.729), 
(2.09346, 0.0470028, 487.857), 
(2.09346, 0.0470028, 459.552), 
(-1.47654, 0.0470028, 415.842), 
(-1.40157, 0.0470028, 421.302), 
(6.81846, 0.0470028, 404.922), 
(5.15342, 0.0470028, 354.957), 
(4.73342, 0.0470028, 294.102), 
(4.73342, 0.0470028, 269.367), 
(-5.73657, 0.0470028, 244.227), 
(-5.04656, 0.0470028, 215.472), 
(-4.10156, 0.0470028, 200.847), 
(7.11842, 0.0470028, 130.587), 
(-6.78763, 0.0164113, 74.1978), 
(-2.06319, -6.1e-05, 48.1717)]

==================================================

Path #4 --> Distance: 922.794 | Node amount: 32
Path #4 = [(0.260847, -6.1e-05, 559.729), 
(-7.46155, 0.0470028, 492.732), 
(-8.96155, 0.0470028, 433.932), 
(-10.7615, 0.0470028, 430.632), 
(-13.4615, 0.0470028, 427.932), 
(-15.8616, 0.0470028, 426.432), 
(-111.262, 0.0470028, 385.332), 
(-89.9615, 0.0470028, 396.732), 
(-150.262, 0.0470028, 353.532), 
(-150.262, 0.0470028, 353.532), 
(-107.662, 0.0470028, 388.032), 
(-147.562, 0.0470028, 344.532), 
(-176.662, 0.0470028, 302.832), 
(-150.862, 0.0470028, 335.532), 
(-176.662, 0.0470028, 302.832), 
(-143.362, 0.0470028, 264.132), 
(-140.962, 0.0470028, 259.632), 
(-140.962, 0.0470028, 259.632), 
(-132.262, 0.0470028, 241.332), 
(-114.562, 0.0470028, 205.332), 
(-107.962, 0.0470028, 192.132), 
(-103.762, 0.0470028, 183.432), 
(-65.0616, 0.0470028, 142.932), 
(-65.0616, 0.0470028, 142.932), 
(-30.8616, 0.0470028, 144.732), 
(-26.9615, 0.0470028, 143.232), 
(-23.0616, 0.0470028, 140.532), 
(-19.4615, 0.0470028, 136.632), 
(-17.0616, 0.0470028, 132.732), 
(-16.4615, 0.0470028, 129.432), 
(-15.5616, 0.0470028, 122.532), 
(-2.06319, -6.1e-05, 48.1717)]

==================================================

Path #5 --> Distance: 693.984 | Node amount: 33
Path #5 = [(0.260847, -6.1e-05, 559.729), 
(5.03346, 0.0470028, 486.357), 
(5.03346, 0.0470028, 465.057), 
(-11.1216, 0.0470028, 429.567), 
(-12.6515, 0.0470028, 426.762), 
(-15.5315, 0.0470028, 424.782), 
(-19.1466, 0.0470028, 423.912), 
(-23.9916, 0.0470028, 422.127), 
(-72.4715, 0.0470028, 400.272), 
(-83.9465, 0.0470028, 393.897), 
(-98.2416, 0.0470028, 383.622), 
(-95.4516, 0.0470028, 386.352), 
(-130.732, 0.0470028, 354.477), 
(-137.137, 0.0470028, 345.927), 
(-142.342, 0.0470028, 319.977), 
(-139.687, 0.0470028, 313.947), 
(-170.902, 0.0470028, 305.127), 
(-148.597, 0.0470028, 274.182), 
(-144.007, 0.0470028, 267.267), 
(-140.302, 0.0470028, 260.577), 
(-138.262, 0.0470028, 256.752), 
(-134.752, 0.0470028, 249.687), 
(-116.377, 0.0470028, 212.337), 
(-81.7266, 0.0470028, 159.237), 
(-77.5565, 0.0470028, 156.192), 
(-37.7016, 0.0470028, 146.667), 
(-19.8516, 0.0470028, 140.757), 
(-15.9066, 0.0470028, 137.652), 
(-13.2516, 0.0470028, 134.697), 
(-10.8066, 0.0470028, 131.022), 
(-10.2966, 0.0470028, 128.217), 
(-4.08795, 0.00699857, 59.3257), 
(-2.06319, -6.1e-05, 48.1717)]

==================================================

Path #6 --> Distance: 693.809 | Node amount: 37
Path #6 = [(0.260847, -6.1e-05, 559.729), 
(2.09346, 0.0470028, 487.857), 
(-2.31654, 0.0470028, 457.032), 
(-1.05655, 0.0470028, 438.522), 
(-0.201544, 0.0470028, 434.847), 
(-12.3216, 0.0470028, 419.862), 
(-15.1715, 0.0470028, 421.602), 
(-19.8665, 0.0470028, 421.422), 
(-23.5266, 0.0470028, 420.552), 
(-82.0115, 0.0470028, 396.447), 
(-83.3315, 0.0470028, 395.562), 
(-95.0466, 0.0470028, 389.037), 
(-112.822, 0.0470028, 374.982), 
(-135.427, 0.0470028, 349.722), 
(-146.437, 0.0470028, 335.787), 
(-152.482, 0.0470028, 318.627), 
(-139.987, 0.0470028, 301.167), 
(-144.517, 0.0470028, 276.942), 
(-133.267, 0.0470028, 255.627), 
(-134.212, 0.0470028, 256.737), 
(-121.372, 0.0470028, 230.667), 
(-112.747, 0.0470028, 213.027), 
(-89.3315, 0.0470028, 168.087), 
(-95.3466, 0.0470028, 172.032), 
(-85.8216, 0.0470028, 161.457), 
(-81.4865, 0.0470028, 158.487), 
(-79.1466, 0.0470028, 154.977), 
(-74.6166, 0.0470028, 153.072), 
(-46.8216, 0.0470028, 149.247), 
(-10.3716, 0.0470028, 137.457), 
(-7.31158, 0.0470028, 134.652), 
(-4.02656, 0.0470028, 131.277), 
(-4.04158, 0.0470028, 131.577), 
(-2.07656, 0.0470028, 126.597), 
(-2.43658, 0.0470028, 122.952), 
(-1.49158, 0.0470028, 122.112), 
(-2.06319, -6.1e-05, 48.1717)]

==================================================

Path #7 --> Distance: 772.927 | Node amount: 42
Path #7 = [(0.260847, -6.1e-05, 559.729), 
(-7.46155, 0.0470028, 492.732), 
(-7.46155, 0.0470028, 471.432), 
(21.9384, 0.0470028, 400.032), 
(22.8384, 0.0470028, 400.932), 
(22.8384, 0.0470028, 400.932), 
(42.0385, 0.0470028, 407.532), 
(50.1384, 0.0470028, 409.032), 
(65.4384, 0.0470028, 406.632), 
(88.8384, 0.0470028, 399.432), 
(151.538, 0.0470028, 377.532), 
(157.538, 0.0470028, 375.432), 
(160.838, 0.0470028, 373.632), 
(167.738, 0.0470028, 366.132), 
(172.238, 0.0470028, 360.132), 
(174.938, 0.0470028, 355.932), 
(177.038, 0.0470028, 351.732), 
(185.738, 0.0470028, 327.132), 
(192.638, 0.0470028, 316.632), 
(196.538, 0.0470028, 310.332), 
(198.938, 0.0470028, 305.532), 
(200.138, 0.0470028, 300.432), 
(199.538, 0.0470028, 293.232), 
(198.038, 0.0470028, 288.132), 
(195.638, 0.0470028, 283.332), 
(193.238, 0.0470028, 278.532), 
(190.838, 0.0470028, 274.632), 
(186.038, 0.0470028, 266.832), 
(166.238, 0.0470028, 235.632), 
(161.138, 0.0470028, 227.832), 
(132.938, 0.0470028, 183.132), 
(93.6385, 0.0470028, 120.432), 
(95.4384, 0.0470028, 116.832), 
(96.9384, 0.0470028, 112.932), 
(98.4384, 0.0470028, 108.432), 
(101.138, 0.0470028, 94.9319), 
(99.6385, 0.0470028, 104.532), 
(101.138, 0.0470028, 85.332), 
(98.4384, 0.0470028, 82.032), 
(96.0385, 0.0470028, 81.732), 
(93.3384, 0.0470028, 82.332), 
(-2.06319, -6.1e-05, 48.1717)]

==================================================

Path #8 --> Distance: 773.118 | Node amount: 29
Path #8 = [(0.260847, -6.1e-05, 559.729), 
(5.03346, 0.0470028, 486.357), 
(4.80846, 0.0470028, 441.582), 
(4.64344, 0.0470028, 435.327), 
(5.66345, 0.0470028, 432.267), 
(12.6384, 0.0470028, 425.922), 
(17.3034, 0.0470028, 424.482), 
(24.6835, 0.0470028, 422.667), 
(76.9884, 0.0470028, 408.957), 
(88.8834, 0.0470028, 400.422), 
(156.083, 0.0470028, 376.497), 
(161.183, 0.0470028, 374.712), 
(165.563, 0.0470028, 371.382), 
(171.428, 0.0470028, 365.007), 
(181.823, 0.0470028, 352.392), 
(181.418, 0.0470028, 352.557), 
(182.393, 0.0470028, 341.337), 
(230.558, 0.0470028, 308.082), 
(199.553, 0.0470028, 275.502), 
(195.878, 0.0470028, 270.432), 
(192.413, 0.0470028, 264.792), 
(160.403, 0.0470028, 214.227), 
(121.613, 0.0470028, 166.482), 
(114.083, 0.0470028, 158.277), 
(107.618, 0.0470028, 124.752), 
(102.353, 0.0470028, 90.732), 
(96.7284, 0.0470028, 76.182), 
(12.6521, 0.00699857, 53.2057), 
(-2.06319, -6.1e-05, 48.1717)]

==================================================

Path #9 --> Distance: 797.803 | Node amount: 41
Path #9 = [(0.260847, -6.1e-05, 559.729), 
(2.09346, 0.0470028, 487.857), 
(-2.31654, 0.0470028, 449.832), 
(14.7234, 0.0470028, 419.727), 
(21.9234, 0.0470028, 420.282), 
(31.9435, 0.0470028, 419.247), 
(86.4085, 0.0470028, 404.457), 
(115.268, 0.0470028, 394.497), 
(124.958, 0.0470028, 390.687), 
(167.243, 0.0470028, 373.842), 
(192.308, 0.0470028, 345.342), 
(192.713, 0.0470028, 344.172), 
(196.988, 0.0470028, 338.712), 
(191.318, 0.0470028, 344.382), 
(197.078, 0.0470028, 329.337), 
(196.973, 0.0470028, 328.392), 
(197.288, 0.0470028, 327.447), 
(202.193, 0.0470028, 304.977), 
(204.728, 0.0470028, 300.882), 
(212.588, 0.0470028, 305.952), 
(202.658, 0.0470028, 293.502), 
(199.328, 0.0470028, 286.197), 
(195.518, 0.0470028, 278.262), 
(185.243, 0.0470028, 261.387), 
(185.678, 0.0470028, 261.312), 
(188.003, 0.0470028, 264.867), 
(173.963, 0.0470028, 242.682), 
(161.093, 0.0470028, 222.402), 
(160.748, 0.0470028, 217.497), 
(132.653, 0.0470028, 173.547), 
(114.308, 0.0470028, 145.392), 
(107.723, 0.0470028, 133.992), 
(107.078, 0.0470028, 130.092), 
(106.433, 0.0470028, 125.787), 
(106.403, 0.0470028, 116.187), 
(104.933, 0.0470028, 118.392), 
(104.288, 0.0470028, 95.307), 
(83.8435, 0.0470028, 62.292), 
(84.5934, 0.0470028, 61.782), 
(31.3274, 0.0164113, 60.1278), 
(-2.06319, -6.1e-05, 48.1717)]

==================================================
